arna 57 convert/in/arna.in .000866551 .030631605 .261988583 .654062378 1.069589141 294.101961856
asker 64 convert/in/asker.in .000976380 .035142155 .218910723 1.028686681 .867585876 300.250541786
eidsvoll 35 convert/in/eidsvoll.in .001050691 .022489523 .050796513 .058052047 .337873902 60.713329421
weert 102 convert/in/weert.in .000615936 .175243917 .728376270 19.324513328 21.374130943 300.251356315
gen_10x10 453 convert/in/gen_10x10.in .000821096 2.741747465 21.919024688 22.407006708 40.662222919 300.259189352
gen_10x5 203 convert/in/gen_10x5.in .000668704 .396713890 .521232832 .594359410 1.079004366 300.253991900
gen_15x15 1053 convert/in/gen_15x15.in .000846815 22.739530079 300.268266985 300.262256118 300.262907432 300.244731510
gen_15x5 303 convert/in/gen_15x5.in .000696969 .894419154 1.084946306 1.365592393 1.920526797 300.261921600
gen_20x5 403 convert/in/gen_20x5.in .000897527 1.732159193 1.949418761 2.501443564 3.358257836 300.235911377
gen_5x10 228 convert/in/gen_5x10.in .001078231 .578096236 5.825373002 7.479056512 8.076905376 300.258920072
gen_5x15 353 convert/in/gen_5x15.in .000771409 1.389314292 60.138646724 71.646646982 82.932124454 300.253193490
gen_5x20 478 convert/in/gen_5x20.in .000787658 3.365105183 279.793467976 299.098051137 300.261561531 300.263212558
gen_5x5 103 convert/in/gen_5x5.in .000659021 .108847426 .186010000 .194289521 .369742520 300.254206579
